0.3023 0.8119 0.1468 0.7629
0.0923 0.3575 0.1863 0.4322
0.3456 0.9324 0.3968 0.9387
0.5388 0.6487 0.4192 0.5324
0 0.0319  -0.0491  0.1854  -0.3303 0 
1 -0.1100  0.0005  0.0149  0.0744 0 
2 -0.0129  0.0066  -0.1911  0.2926 0 
3 -0.2164  0.2045  0.4495  -0.3270 0 
4 -0.0004  -0.0610  0.2710  -0.4450 0 
5 0.2425  -0.2694  -0.1801  -0.1442 0 
6 -0.0546  -0.0011  -0.3811  0.6247 0 
7 -0.1104  0.0862  0.1456  -0.0520 0 
8 -0.1044  0.0479  0.1230  -0.0640 0 
9 0.0123  -0.0878  0.2254  -0.4085 0 
10 -0.0635  -0.0397  0.3541  -0.4976 0 
11 -0.1399  0.0978  -0.0720  0.3087 0 
12 -0.0608  0.0567  0.0832  -0.0335 0 
13 0.0590  -0.0894  0.1805  -0.3845 0 
14 -0.2083  0.1579  0.1953  0.0259 0 
15 0.1263  0.0599  -0.3709  0.4836 0 
16 0.2170  -0.0259  -0.4354  0.4213 0 
17 0.0293  -0.0244  -0.1700  0.2116 0 
18 -0.0033  0.0663  -0.3792  0.6351 0 
19 -0.1246  0.1018  -0.2953  0.6404 0 
20 0.1010  0.0083  -0.2991  0.3602 0 
21 0.0301  -0.0291  -0.2577  0.3278 0 
22 0.0701  -0.0829  0.2281  -0.4709 0 
23 -0.1363  0.0953  0.2100  -0.1204 0 
24 -0.0761  -0.0129  0.3997  -0.5341 0 
25 0.0421  -0.0358  0.1970  -0.3548 0 
26 -0.0592  0.0235  -0.0100  0.0894 0 
27 0.0002  -0.0027  -0.2242  0.3279 0 
28 0.0695  -0.0856  0.1903  -0.4068 0 
29 0.0121  -0.0053  -0.0169  0.0016 0 
