0.0001 0.2677 0.3023 0.5137
0.1468 0.5070 0.0923 0.4714
0 -0.0442  -0.0600 0 
1 0.1199  0.1628 0 
2 0.0638  0.0866 0 
3 0.0632  0.0858 0 
4 -0.1030  -0.1399 0 
5 -0.0192  -0.0261 0 
6 0.0270  0.0367 0 
7 0.1621  0.2201 0 
8 -0.0980  -0.1331 0 
9 -0.0835  -0.1134 0 
10 -0.0787  -0.1069 0 
11 0.0828  0.1124 0 
12 -0.0142  -0.0193 0 
13 -0.1466  -0.1991 0 
14 0.0028  0.0038 0 
15 -0.0953  -0.1294 0 
16 0.0988  0.1342 0 
17 -0.0671  -0.0911 0 
18 -0.1563  -0.2123 0 
19 0.0309  0.0420 0 
20 0.1138  0.1545 0 
21 -0.0394  -0.0535 0 
22 0.0827  0.1123 0 
23 0.0037  0.0050 0 
24 0.0136  0.0184 0 
25 0.1520  0.2065 0 
26 0.1006  0.1366 0 
27 -0.1548  -0.2102 0 
28 0.0693  0.0941 0 
29 -0.0116  -0.0157 0 
30 0.1481  0.2011 0 
31 -0.0922  -0.1252 0 
32 -0.0771  -0.1047 0 
33 -0.1385  -0.1881 0 
34 -0.0236  -0.0321 0 
35 -0.1294  -0.1757 0 
36 0.0443  0.0601 0 
37 0.1003  0.1362 0 
38 0.0651  0.0884 0 
39 0.0881  0.1196 0 
40 -0.0521  -0.0708 0 
41 0.1144  0.1554 0 
42 -0.0236  -0.0320 0 
43 0.1072  0.1456 0 
44 0.0419  0.0568 0 
45 -0.1180  -0.1602 0 
46 -0.1395  -0.1895 0 
47 -0.1594  -0.2165 0 
48 -0.1434  -0.1947 0 
49 -0.0137  -0.0186 0 
50 -0.1280  -0.1738 0 
51 -0.1563  -0.2122 0 
52 0.0843  0.1145 0 
53 -0.0348  -0.0473 0 
54 0.0817  0.1110 0 
55 -0.0158  -0.0214 0 
56 -0.0165  -0.0224 0 
57 -0.0073  -0.0099 0 
58 -0.0086  -0.0117 0 
59 0.1003  0.1362 0 
60 -0.0323  -0.0439 0 
61 0.1339  0.1819 0 
62 -0.1532  -0.2080 0 
63 0.0906  0.1231 0 
64 -0.1239  -0.1682 0 
65 0.0392  0.0533 0 
66 -0.1620  -0.2200 0 
67 0.0128  0.0174 0 
68 -0.1645  -0.2233 0 
69 0.1493  0.2028 0 
70 0.1342  0.1822 0 
71 0.0979  0.1330 0 
72 0.1374  0.1866 0 
73 -0.1173  -0.1593 0 
74 -0.1133  -0.1538 0 
75 -0.1034  -0.1404 0 
76 0.0405  0.0550 0 
77 0.1343  0.1824 0 
78 0.1621  0.2202 0 
79 0.0699  0.0949 0 
80 0.0767  0.1042 0 
81 0.1354  0.1839 0 
82 -0.0328  -0.0445 0 
83 -0.0828  -0.1124 0 
84 -0.1081  -0.1468 0 
85 -0.1259  -0.1710 0 
86 0.1034  0.1405 0 
87 -0.1169  -0.1587 0 
88 -0.0780  -0.1059 0 
89 0.1056  0.1434 0 
90 -0.0627  -0.0851 0 
91 0.1596  0.2168 0 
92 -0.0772  -0.1049 0 
93 0.0111  0.0151 0 
94 -0.0614  -0.0834 0 
95 0.1359  0.1846 0 
96 -0.0442  -0.0600 0 
97 -0.0220  -0.0298 0 
98 0.0041  0.0055 0 
99 0.1452  0.1972 0 
100 -0.1552  -0.2108 0 
101 0.0718  0.0975 0 
102 0.1294  0.1757 0 
103 -0.1564  -0.2124 0 
104 0.0073  0.0099 0 
105 -0.0576  -0.0782 0 
106 0.1190  0.1616 0 
107 0.0194  0.0263 0 
108 0.0630  0.0855 0 
109 -0.0156  -0.0212 0 
110 0.0425  0.0577 0 
111 -0.0695  -0.0943 0 
112 -0.1624  -0.2205 0 
113 0.0254  0.0345 0 
114 -0.0624  -0.0847 0 
115 0.0057  0.0078 0 
116 0.1378  0.1871 0 
117 -0.0243  -0.0330 0 
118 -0.0836  -0.1135 0 
119 -0.0426  -0.0578 0 
120 0.1429  0.1941 0 
121 0.1446  0.1963 0 
122 0.1139  0.1547 0 
123 0.1391  0.1888 0 
124 -0.0900  -0.1223 0 
125 -0.1365  -0.1854 0 
126 -0.0902  -0.1225 0 
127 -0.0614  -0.0834 0 
128 -0.1076  -0.1462 0 
129 0.0354  0.0481 0 
130 -0.0286  -0.0388 0 
131 0.1047  0.1422 0 
132 -0.1042  -0.1415 0 
133 0.0668  0.0907 0 
134 -0.0859  -0.1167 0 
135 0.0246  0.0334 0 
136 -0.0500  -0.0679 0 
137 -0.1466  -0.1991 0 
138 -0.0897  -0.1219 0 
139 0.0543  0.0737 0 
140 -0.0009  -0.0012 0 
141 0.0063  0.0085 0 
142 -0.1076  -0.1462 0 
143 0.0234  0.0318 0 
144 0.1644  0.2232 0 
145 0.1048  0.1424 0 
146 0.0312  0.0424 0 
147 0.1575  0.2139 0 
148 0.1329  0.1805 0 
149 0.0316  0.0430 0 
150 -0.1547  -0.2101 0 
151 -0.1345  -0.1826 0 
152 -0.1438  -0.1953 0 
153 -0.0160  -0.0217 0 
154 -0.0412  -0.0560 0 
155 0.1573  0.2136 0 
156 -0.1099  -0.1492 0 
157 0.1565  0.2125 0 
158 0.0885  0.1202 0 
159 0.1073  0.1457 0 
160 0.0439  0.0596 0 
161 0.0558  0.0758 0 
162 -0.0077  -0.0104 0 
163 -0.1611  -0.2188 0 
164 -0.0486  -0.0661 0 
165 -0.0026  -0.0036 0 
166 0.0761  0.1034 0 
167 -0.0104  -0.0141 0 
168 -0.0141  -0.0191 0 
169 -0.1199  -0.1628 0 
170 -0.1619  -0.2198 0 
171 0.0855  0.1161 0 
172 -0.0596  -0.0809 0 
173 0.1603  0.2177 0 
174 -0.0926  -0.1257 0 
175 -0.0534  -0.0725 0 
176 0.0079  0.0107 0 
177 0.0843  0.1145 0 
178 -0.0120  -0.0162 0 
179 -0.1242  -0.1686 0 
180 -0.0620  -0.0843 0 
181 0.0015  0.0020 0 
182 0.0575  0.0781 0 
183 0.0894  0.1214 0 
184 -0.1223  -0.1661 0 
185 -0.1579  -0.2144 0 
186 0.0063  0.0086 0 
187 0.1026  0.1393 0 
188 -0.1613  -0.2190 0 
189 0.0571  0.0775 0 
190 0.0618  0.0840 0 
191 -0.0168  -0.0228 0 
192 0.1373  0.1864 0 
193 0.0478  0.0649 0 
194 -0.1637  -0.2223 0 
195 -0.0052  -0.0070 0 
196 0.1189  0.1615 0 
197 0.1093  0.1485 0 
198 0.0494  0.0670 0 
199 0.0575  0.0781 0 
200 0.0260  0.0353 0 
201 -0.0747  -0.1015 0 
202 0.0200  0.0272 0 
203 0.0568  0.0772 0 
204 -0.0488  -0.0663 0 
205 0.1178  0.1599 0 
206 -0.1009  -0.1370 0 
207 0.0818  0.1111 0 
208 -0.0696  -0.0946 0 
209 0.0906  0.1230 0 
210 -0.0239  -0.0325 0 
211 0.1018  0.1383 0 
212 -0.0485  -0.0658 0 
213 -0.0947  -0.1287 0 
214 0.0885  0.1201 0 
215 -0.0633  -0.0860 0 
216 0.0772  0.1048 0 
217 0.0809  0.1099 0 
218 -0.0922  -0.1252 0 
219 -0.0946  -0.1285 0 
220 -0.0996  -0.1353 0 
221 -0.1183  -0.1607 0 
222 -0.0407  -0.0552 0 
223 -0.1566  -0.2127 0 
224 -0.1288  -0.1749 0 
225 0.0578  0.0784 0 
226 0.0992  0.1347 0 
227 -0.1388  -0.1885 0 
228 -0.0888  -0.1206 0 
229 -0.0968  -0.1314 0 
230 0.1381  0.1875 0 
231 0.0699  0.0950 0 
232 0.0178  0.0242 0 
233 -0.0647  -0.0878 0 
234 0.1108  0.1505 0 
235 -0.0214  -0.0291 0 
236 0.1401  0.1903 0 
237 0.0682  0.0926 0 
238 -0.0073  -0.0099 0 
239 -0.1237  -0.1680 0 
240 0.1575  0.2139 0 
241 -0.1126  -0.1529 0 
242 -0.0984  -0.1336 0 
243 -0.0228  -0.0309 0 
244 -0.0317  -0.0431 0 
245 -0.1169  -0.1587 0 
246 0.0759  0.1031 0 
247 -0.1030  -0.1399 0 
248 0.0476  0.0647 0 
249 0.0842  0.1143 0 
250 -0.0957  -0.1300 0 
251 0.0334  0.0454 0 
252 0.0824  0.1119 0 
253 0.0457  0.0621 0 
254 0.0321  0.0436 0 
255 -0.0677  -0.0919 0 
256 0.0766  0.1041 0 
257 0.1474  0.2001 0 
258 -0.0246  -0.0335 0 
259 0.0934  0.1268 0 
260 -0.1469  -0.1995 0 
261 0.1109  0.1507 0 
262 -0.1018  -0.1383 0 
263 -0.0347  -0.0471 0 
264 -0.0662  -0.0898 0 
265 -0.1390  -0.1887 0 
266 0.1339  0.1818 0 
267 -0.0430  -0.0584 0 
268 0.0102  0.0138 0 
269 -0.0019  -0.0026 0 
270 -0.1217  -0.1653 0 
271 -0.0971  -0.1319 0 
272 -0.1402  -0.1905 0 
273 0.0026  0.0036 0 
274 -0.0789  -0.1072 0 
